10.2000235 105.6513226
10.2000235 105.6513226
10.2000235 105.6513226
10.824001 106.632758
10.885213 106.651882

10.82347 106.633229
10.824001 106.632758
10.828845 106.632548
10.828845 106.632548
10.885213 106.651882

10.828845 106.632548
10.838434 106.629592
10.8631173 106.6413106
10.864382 106.647307
10.885213 106.651882

10.8432641 106.6771453
10.860048 106.680251
10.8603068 106.6622107
10.8618351 106.6609485
10.885213 106.651882

10.860194 106.612531
10.860423 106.61306
10.87531 106.639624
10.876733 106.640483
10.885213 106.651882

10.879954 106.68041
10.879954 106.68041
10.881467 106.679629
10.876444 106.672623
10.885213 106.651882

10.8618351 106.6609485
10.863421 106.654088
10.8679609 106.6545412
10.871333 106.6548399
10.885213 106.651882

10.876444 106.672623
10.8763462 106.6547787
10.8758767 106.6535316
10.8730338 106.6505143
10.885213 106.651882

10.863421 106.654088
10.864382 106.647307
10.871903 106.649705
10.872692 106.650555
10.885213 106.651882

10.871333 106.6548399
10.8730338 106.6505143
10.876978 106.645652
10.877977 106.642208
10.885213 106.651882

