10.2000235 105.6513226
10.2000235 105.6513226
10.2000235 105.6513226
10.82347 106.633229
10.885213 106.651882

10.82347 106.633229
10.824001 106.632758
10.828845 106.632548
10.828845 106.632548
10.885213 106.651882

10.828845 106.632548
10.838434 106.629592
10.8631173 106.6413106
10.864382 106.647307
10.885213 106.651882

10.8432641 106.6771453
10.860048 106.680251
10.881467 106.679629
10.879954 106.68041
10.885213 106.651882

10.860194 106.612531
10.860423 106.61306
10.87531 106.639624
10.876733 106.640483
10.885213 106.651882

10.879954 106.68041
10.879954 106.68041
10.876444 106.672623
10.8763462 106.6547787
10.885213 106.651882

10.8603068 106.6622107
10.8618351 106.6609485
10.863421 106.654088
10.863421 106.654088
10.885213 106.651882

10.863421 106.654088
10.8679609 106.6545412
10.871333 106.6548399
10.8763462 106.6547787
10.885213 106.651882

10.864382 106.647307
10.876978 106.645652
10.877977 106.642208
10.876733 106.640483
10.8758767 106.6535316
10.885213 106.651882

10.871903 106.649705
10.872692 106.650555
10.8730338 106.6505143
10.8758767 106.6535316
10.885213 106.651882

10.8758767 106.6535316
10.8763462 106.6547787
10.882796 106.652766
10.8817188 106.6498016
10.8816902 106.6495723
10.885213 106.651882

10.8921705 106.6470484
10.8921951 106.6475281
10.8893069 106.6498105
10.891607 106.6527289
10.885213 106.651882

10.891607 106.6527289
10.8838489 106.6522258
10.8816902 106.6495723
10.882156 106.6485774
10.885213 106.651882

10.8800005 106.6509255
10.882156 106.6485774
10.885213 106.651882

