0				16
9	10.824001	106.632758	5	5	0.0
7	10.828845	106.632548	5	5	3.0
35	10.828845	106.632548	5	5	3.0
28	10.82956	106.635928	4	1	6.0
X	10.885213	106.651882			28.0
*	*
1				16
11	10.8432641	106.6771453	4	4	0.0
14	10.860048	106.680251	5	5	4.0
24	10.863562	106.666983	5	5	14.0
29	10.8618351	106.6609485	5	2	16.0
X	10.885213	106.651882			24.0
*	*
2				16
28	10.82956	106.635928	3	3	0.0
25	10.8631173	106.6413106	5	5	16.0
27	10.870003	106.636807	5	5	20.0
21	10.877977	106.642208	5	3	23.0
X	10.885213	106.651882			30.0
*	*
3				16
31	10.857962	106.611998	5	5	0.0
12	10.860423	106.61306	5	5	2.0
21	10.877977	106.642208	2	2	16.0
18	10.878609	106.643021	5	4	17.0
X	10.885213	106.651882			24.0
*	*
4				16
33	10.8974747	106.6909399	4	4	0.0
34	10.8974747	106.6909399	5	5	0.0
37	10.8792968	106.6665411	5	5	12.0
40	10.878882	106.652831	5	2	16.0
X	10.885213	106.651882			19.0
*	*
5				16
29	10.8618351	106.6609485	3	3	0.0
1	10.863421	106.654088	5	5	2.0
22	10.863421	106.654088	5	5	2.0
10	10.8717544	106.6546526	5	3	5.0
X	10.885213	106.651882			10.0
*	*
6				16
2	10.902931	106.652698	5	5	0.0
4	10.8921951	106.6475281	5	5	7.0
26	10.892159	106.64772	5	5	7.0
36	10.882202	106.6485681	5	1	10.0
X	10.885213	106.651882			13.0
*	*
7				16
3	10.8658231	106.6500974	5	5	0.0
39	10.8658231	106.6500974	5	5	0.0
6	10.871903	106.649705	5	5	2.0
8	10.872692	106.650555	5	1	2.0
X	10.885213	106.651882			7.0
*	*
8				16
30	10.878909	106.644217	5	5	0.0
18	10.878609	106.643021	1	1	2.0
16	10.8741188	106.6509675	5	5	7.0
8	10.872692	106.650555	4	4	8.0
38	10.872692	106.650555	5	1	8.0
X	10.885213	106.651882			13.0
*	*
9				16
10	10.8717544	106.6546526	2	2	0.0
5	10.8763532	106.6548701	5	5	1.0
40	10.878882	106.652831	3	3	3.0
15	10.8800005	106.6509255	5	5	5.0
19	10.8806285	106.6509149	5	1	5.0
X	10.885213	106.651882			7.0
*	*
10				16
38	10.872692	106.650555	4	4	0.0
19	10.8806285	106.6509149	4	4	3.0
17	10.8820304	106.6499678	5	5	4.0
20	10.8816902	106.6495723	5	3	4.0
X	10.885213	106.651882			6.0
*	*
11				16
36	10.882202	106.6485681	4	4	0.0
20	10.8816902	106.6495723	2	2	1.0
13	10.882796	106.652766	5	5	2.0
32	10.88425	106.650286	5	5	4.0
X	10.885213	106.651882			5.0
*	*
12				5
23	10.8838489	106.6522258	5	5	0.0
X	10.885213	106.651882			1.0
*	*
