0	10.824001	106.632758	5
0	10.828845	106.632548	5
0	10.828845	106.632548	5
0	10.82956	106.635928	1
0	10.885213	106.651882
*
1	10.8432641	106.6771453	4
1	10.860048	106.680251	5
1	10.863562	106.666983	5
1	10.8618351	106.6609485	2
1	10.885213	106.651882
*
2	10.82956	106.635928	3
2	10.8631173	106.6413106	5
2	10.870003	106.636807	5
2	10.877977	106.642208	3
2	10.885213	106.651882
*
3	10.857962	106.611998	5
3	10.860423	106.61306	5
3	10.877977	106.642208	2
3	10.878609	106.643021	4
3	10.885213	106.651882
*
4	10.8974747	106.6909399	4
4	10.8974747	106.6909399	5
4	10.8792968	106.6665411	5
4	10.878882	106.652831	2
4	10.885213	106.651882
*
5	10.8618351	106.6609485	3
5	10.863421	106.654088	5
5	10.863421	106.654088	5
5	10.8717544	106.6546526	3
5	10.885213	106.651882
*
6	10.902931	106.652698	5
6	10.8921951	106.6475281	5
6	10.892159	106.64772	5
6	10.882202	106.6485681	1
6	10.885213	106.651882
*
7	10.8658231	106.6500974	5
7	10.8658231	106.6500974	5
7	10.871903	106.649705	5
7	10.872692	106.650555	1
7	10.885213	106.651882
*
8	10.878909	106.644217	5
8	10.878609	106.643021	1
8	10.8741188	106.6509675	5
8	10.872692	106.650555	4
8	10.872692	106.650555	1
8	10.885213	106.651882
*
9	10.8717544	106.6546526	2
9	10.8763532	106.6548701	5
9	10.878882	106.652831	3
9	10.8800005	106.6509255	5
9	10.8806285	106.6509149	1
9	10.885213	106.651882
*
10	10.872692	106.650555	4
10	10.8806285	106.6509149	4
10	10.8820304	106.6499678	5
10	10.8816902	106.6495723	3
10	10.885213	106.651882
*
11	10.882202	106.6485681	4
11	10.8816902	106.6495723	2
11	10.882796	106.652766	5
11	10.88425	106.650286	5
11	10.885213	106.651882
*
12	10.8838489	106.6522258	5
12	10.885213	106.651882
*
